0 0.3422982885085575 0.3318853171155517 0.08068459657701711 0.09209383145091224
0 0.3734718826405868 0.4300608166811468 0.07212713936430318 0.06602953953084274
0 0.44682151589242053 0.4135534317984361 0.07701711491442542 0.07819287576020852
0 0.4058679706601467 0.3679409209383145 0.05134474327628362 0.06516072980017376
0 0.19437652811735942 0.6359687228496959 0.07090464547677261 0.06950477845351867
0 0.35207823960880197 0.63249348392702 0.07823960880195599 0.07298001737619461
0 0.8508557457212714 0.6281494352736751 0.08068459657701711 0.06429192006950478
0 0.22860635696821516 0.8375325803649001 0.07090464547677261 0.0677671589921807
0 0.2860635696821516 0.7389226759339704 0.07579462102689487 0.07211120764552563
0 0.29706601466992666 0.7984361424847958 0.07579462102689487 0.0625543006081668
0 0.8429095354523227 0.7106863596872285 0.08190709046454768 0.0677671589921807
