0 0.25670731707317074 0.13011314186248912 0.08658536585365853 0.07397737162750218
0 0.8042682926829269 0.1205395996518712 0.07682926829268293 0.07745865970409051
0 0.17317073170731706 0.4630113141862489 0.08292682926829269 0.06962576153176675
0 0.2146341463414634 0.4086161879895561 0.08536585365853659 0.07745865970409051
0 0.801829268292683 0.4046997389033942 0.08170731707317073 0.08529155787641426
0 0.21890243902439024 0.6118363794604004 0.08658536585365853 0.06962576153176675
0 0.3469512195121951 0.556135770234987 0.08170731707317073 0.07136640557006092
0 0.6432926829268293 0.5113141862489121 0.08414634146341464 0.08093994778067885
0 0.7945121951219513 0.46692776327241076 0.07439024390243902 0.07049608355091383
0 0.7963414634146342 0.5535248041775457 0.07073170731707316 0.06614447345517842
0 0.5237804878048781 0.5574412532637075 0.08414634146341464 0.07397737162750218
0 0.39939024390243905 0.695822454308094 0.08414634146341464 0.07745865970409051
0 0.3 0.7684943429068756 0.0975609756097561 0.06962576153176675
