0 0.24404761904761904 0.791907514450867 0.14285714285714285 0.18497109826589594
0 0.1636904761904762 0.09248554913294797 0.125 0.12716763005780346
0 0.42857142857142855 0.08670520231213873 0.15476190476190477 0.17341040462427745
0 0.7678571428571428 0.10404624277456646 0.13095238095238093 0.15028901734104044
0 0.8571428571428571 0.2514450867052023 0.17857142857142855 0.1329479768786127
0 0.800595238095238 0.3872832369942196 0.125 0.16184971098265896
0 0.5476190476190476 0.5028901734104047 0.14285714285714285 0.2543352601156069
0 0.5148809523809523 0.23410404624277456 0.1369047619047619 0.09826589595375722
0 0.24107142857142855 0.2630057803468208 0.1369047619047619 0.1907514450867052
0 0.2708333333333333 0.5809248554913294 0.1488095238095238 0.1907514450867052
