0 0.21521335807050093 0.6619318181818182 0.059369202226345084 0.0625
0 0.2680890538033395 0.7102272727272727 0.04267161410018553 0.045454545454545456
0 0.2727272727272727 0.7634943181818182 0.04823747680890538 0.049715909090909095
0 0.14471243042671614 0.6938920454545455 0.059369202226345084 0.04403409090909091
0 0.16233766233766234 0.7684659090909091 0.09833024118738405 0.08238636363636363
0 0.4109461966604824 0.796875 0.0686456400742115 0.07670454545454546
0 0.5482374768089054 0.7926136363636364 0.07606679035250465 0.0625
0 0.5417439703153989 0.7102272727272727 0.055658627087198514 0.05113636363636364
0 0.4220779220779221 0.7102272727272727 0.07977736549165121 0.07954545454545454
0 0.6576994434137291 0.7088068181818182 0.07235621521335807 0.048295454545454544
0 0.761595547309833 0.7059659090909091 0.06493506493506494 0.06534090909090909
