0 0.24033149171270718 0.11241970021413276 0.09944751381215469 0.12205567451820129
0 0.5828729281767956 0.10492505353319058 0.07734806629834254 0.07708779443254818
0 0.23480662983425413 0.24625267665952894 0.11049723756906077 0.10278372591006424
0 0.26243093922651933 0.37044967880085655 0.12154696132596685 0.1113490364025696
0 0.24171270718232044 0.4775160599571735 0.1022099447513812 0.10278372591006424
0 0.2016574585635359 0.588865096359743 0.1270718232044199 0.11991434689507495
0 0.16298342541436464 0.7002141327623127 0.10497237569060773 0.1113490364025696
0 0.17403314917127072 0.835117773019272 0.09392265193370165 0.08993576017130621
0 0.17541436464088397 0.9464668094218416 0.09116022099447513 0.10278372591006424
0 0.6353591160220994 0.18308351177730195 0.07734806629834254 0.05781584582441114
0 0.6312154696132597 0.26017130620985013 0.09668508287292818 0.09207708779443255
0 0.6477900552486188 0.341541755888651 0.09668508287292818 0.07922912205567452
0 0.6174033149171271 0.4282655246252677 0.1022099447513812 0.08565310492505354
0 0.6395027624309392 0.5513918629550322 0.08011049723756905 0.10064239828693791
0 0.6256906077348066 0.6680942184154176 0.0856353591160221 0.08993576017130621
0 0.6560773480662984 0.7366167023554604 0.0856353591160221 0.06852248394004283
0 0.6312154696132597 0.8297644539614561 0.09116022099447513 0.10920770877944326
