0 0.20575692963752665 0.38636363636363635 0.06609808102345416 0.19318181818181818
0 0.08742004264392324 0.5142045454545454 0.1023454157782516 0.2556818181818182
0 0.07462686567164178 0.8579545454545455 0.07249466950959488 0.25
0 0.30703624733475476 0.3806818181818182 0.05970149253731343 0.1590909090909091
0 0.2846481876332623 0.5823863636363636 0.07036247334754797 0.19886363636363638
0 0.2601279317697228 0.8579545454545455 0.09381663113006397 0.23863636363636365
0 0.5085287846481876 0.375 0.07036247334754797 0.2727272727272727
0 0.4541577825159915 0.5994318181818182 0.07675906183368869 0.26704545454545453
0 0.47334754797441364 0.8522727272727273 0.08955223880597014 0.23863636363636365
0 0.6471215351812366 0.38636363636363635 0.06609808102345416 0.2159090909090909
0 0.7014925373134329 0.6505681818181819 0.05543710021321961 0.21022727272727273
0 0.720682302771855 0.8920454545454546 0.07249466950959488 0.19318181818181818
0 0.9019189765458422 0.4005681818181818 0.05970149253731343 0.16477272727272727
0 0.8230277185501066 0.6363636363636364 0.07675906183368869 0.20454545454545456
0 0.8208955223880597 0.8693181818181819 0.06396588486140725 0.19318181818181818
